hash:space_seperated_list[seqId,wpos,strand]
1881884673:16,94,-1 25,334,-1 33,234,1 37,0,-1 38,340,-1 40,789,-1 40,881,-1 50,0,-1 62,49,1 
174887938:0,47,-1 0,57,-1 1,7,1 1,45,1 3,0,-1 3,62,1 7,24,1 7,35,-1 8,76,1 13,7,1 13,20,1 15,100,1 15,193,1 16,30,1 16,104,1 16,285,-1 16,314,1 16,332,1 16,383,1 19,88,1 22,33,1 23,89,1 24,33,1 25,58,-1 25,166,1 25,371,1 25,419,-1 25,577,-1 25,638,-1 25,651,-1 27,85,1 27,134,-1 28,44,1 29,18,1 29,316,1 29,377,1 30,45,1 30,89,-1 33,88,-1 33,331,-1 33,336,1 34,49,1 36,54,-1 38,69,-1 38,181,-1 38,235,1 38,253,-1 39,57,-1 39,256,1 39,295,-1 40,116,-1 40,169,-1 40,188,1 40,372,1 40,631,-1 40,872,1 40,908,1 40,924,-1 40,1079,1 40,1203,1 40,1230,-1 40,1349,-1 40,1498,-1 44,22,1 46,45,1 47,45,1 47,90,-1 49,49,1 51,72,-1 55,22,1 55,74,1 56,7,1 56,19,1 65,7,1 65,19,1 66,7,1 74,44,-1 74,56,-1 75,7,1 75,18,1 77,22,1 78,45,1 78,67,1 79,20,1 
426122756:7,42,-1 7,45,-1 14,39,-1 16,78,1 16,222,-1 16,283,-1 25,149,-1 25,155,-1 25,582,1 27,170,1 30,30,1 33,26,1 33,188,1 33,263,1 38,252,-1 39,135,-1 40,0,-1 40,365,1 40,422,-1 40,910,1 40,1208,1 40,1220,1 40,1363,-1 40,1425,-1 40,1476,1 41,1,-1 61,70,1 66,70,1 68,39,1 75,44,1 75,58,-1 76,29,-1 
2930217735:52,47,-1 67,48,-1 
39074569:5,8,-1 6,19,1 11,29,-1 15,199,-1 15,215,-1 15,285,-1 16,216,1 16,244,-1 25,114,-1 25,276,1 25,343,1 25,404,1 25,907,1 25,939,1 27,208,-1 28,45,-1 29,19,-1 29,392,-1 30,72,1 31,14,-1 31,67,1 31,149,-1 32,8,1 33,115,-1 33,330,1 34,50,-1 36,50,1 38,275,1 38,326,-1 40,55,-1 40,82,1 40,361,1 40,373,-1 40,442,-1 40,519,-1 40,873,-1 40,940,-1 40,1080,-1 40,1100,1 40,1288,-1 40,1333,-1 46,46,-1 47,73,1 48,8,1 49,50,-1 51,0,1 51,47,-1 53,15,-1 56,8,-1 56,20,-1 63,46,-1 63,82,-1 64,47,-1 65,31,-1 72,22,-1 72,28,1 79,21,-1 79,51,1 
860121612:2,45,-1 16,95,1 25,103,-1 25,629,1 25,854,1 25,888,-1 33,119,-1 33,195,-1 34,58,1 36,44,-1 49,58,1 55,30,-1 59,4,-1 59,33,1 69,32,1 79,33,1 80,34,1 
839010574:0,38,1 0,63,1 4,6,-1 5,21,-1 11,6,1 15,12,-1 15,197,-1 15,221,1 15,280,-1 15,308,1 16,141,1 16,321,1 23,79,1 25,85,-1 25,346,1 25,367,-1 25,384,1 25,846,1 25,967,1 27,95,1 27,107,-1 27,119,1 29,115,1 33,43,1 34,35,1 34,36,1 37,12,1 38,93,1 38,353,1 39,142,1 39,149,-1 39,159,-1 40,20,-1 40,35,-1 40,304,1 40,495,1 40,1102,1 40,1214,-1 40,1416,-1 44,19,-1 49,35,1 50,12,1 51,61,-1 53,13,-1 53,39,1 53,68,1 54,68,-1 61,13,-1 62,15,-1 66,64,1 69,66,1 74,62,1 76,1,-1 76,64,1 79,3,1 79,4,-1 79,69,-1 
1047072526:10,11,-1 18,54,-1 25,458,1 40,14,-1 54,54,-1 57,52,-1 79,61,-1 
2457452307:40,148,-1 60,6,-1 61,6,-1 65,3,-1 76,3,-1 
2598390808:11,47,1 25,562,1 31,74,1 44,61,1 61,50,1 63,62,1 64,61,1 68,47,1 
641557788:6,5,1 11,8,-1 13,40,-1 14,43,1 15,5,1 15,222,-1 16,248,-1 25,22,1 25,148,1 29,103,-1 31,78,1 31,103,1 33,48,-1 33,192,-1 34,54,-1 36,49,1 38,43,1 38,116,1 39,225,1 40,87,1 40,877,-1 40,1362,1 40,1424,1 40,1480,-1 49,54,-1 51,51,-1 53,46,1 60,26,1 61,48,-1 66,15,1 72,27,1 72,32,-1 
653700893:0,34,1 2,42,1 5,0,-1 11,18,-1 15,135,-1 15,198,-1 15,318,1 15,324,-1 16,44,1 16,71,1 16,243,-1 16,300,-1 25,20,1 25,138,-1 25,345,1 25,380,1 25,620,1 25,724,1 29,204,-1 29,391,-1 30,62,1 30,76,1 31,13,-1 31,54,-1 31,71,1 32,10,1 32,30,-1 33,294,-1 33,382,1 35,66,-1 37,13,-1 38,89,1 38,168,1 38,185,-1 38,325,-1 38,354,-1 39,127,1 39,148,-1 40,344,-1 40,493,1 40,1101,1 40,1177,1 42,61,1 43,67,-1 47,77,1 48,10,1 48,31,-1 50,13,-1 51,1,1 51,35,-1 53,14,-1 53,59,-1 62,4,1 62,23,-1 63,45,-1 69,55,1 79,75,-1 80,67,-1 
142038557:1,38,-1 15,108,-1 15,227,-1 15,331,-1 16,47,-1 16,83,-1 16,176,1 16,209,-1 16,303,-1 16,339,-1 18,24,1 18,35,-1 20,16,-1 25,870,1 27,111,-1 29,48,-1 31,109,1 31,173,1 33,83,1 36,29,-1 38,231,1 39,24,-1 40,15,1 40,210,1 40,687,-1 40,890,-1 40,949,-1 40,1517,1 41,37,-1 44,0,-1 44,75,1 51,84,1 53,29,1 53,42,1 54,55,1 60,54,1 61,62,1 71,30,1 76,37,-1 
2030557470:16,307,-1 25,534,-1 25,810,-1 40,884,-1 40,1260,-1 62,48,1 64,34,-1 
2343224861:33,252,-1 40,1015,-1 40,1345,1 
1860791073:11,17,-1 18,32,1 19,30,-1 19,75,-1 25,834,-1 33,36,1 40,1417,1 68,17,-1 69,39,-1 74,6,-1 
865714978:0,28,-1 6,28,-1 6,70,-1 7,67,-1 15,4,-1 15,36,1 15,241,1 15,348,1 16,190,1 19,4,-1 20,40,1 21,18,1 22,7,1 23,4,-1 24,7,1 25,67,-1 25,76,-1 25,98,1 25,439,-1 25,525,1 25,548,1 25,596,-1 25,660,1 26,2,-1 27,18,1 27,100,1 28,28,1 29,2,1 29,155,1 29,241,-1 29,353,1 31,11,1 31,20,-1 31,157,-1 31,166,1 32,2,1 32,11,-1 33,8,-1 33,281,-1 34,14,1 35,0,-1 36,12,1 37,43,1 38,85,1 38,324,1 39,78,1 39,98,1 39,171,1 39,284,1 39,299,1 40,295,1 40,343,1 40,735,1 40,1087,-1 40,1150,1 40,1511,-1 43,65,1 44,53,-1 45,2,-1 46,29,1 48,2,1 48,11,-1 49,14,1 50,43,1 51,62,-1 51,80,1 52,29,-1 57,20,-1 59,45,-1 60,1,-1 60,39,1 60,63,1 62,60,1 62,74,-1 63,54,-1 64,53,-1 66,41,1 75,13,1 77,49,1 77,60,-1 80,18,1 80,28,-1 
34484772:3,11,-1 4,2,-1 5,9,1 5,44,-1 5,59,1 7,38,-1 8,62,1 12,17,-1 15,30,-1 15,286,1 16,195,-1 16,279,-1 17,11,-1 25,82,1 25,115,1 25,151,-1 25,272,-1 25,286,-1 25,761,-1 25,805,-1 25,902,-1 27,103,-1 27,209,1 27,226,-1 28,6,-1 29,289,-1 30,26,1 31,150,1 35,9,1 35,42,-1 38,159,-1 38,279,1 38,327,1 39,64,-1 39,131,-1 39,155,-1 40,419,-1 40,941,1 40,1056,-1 40,1072,1 40,1081,1 40,1096,-1 40,1141,1 40,1221,1 40,1289,1 40,1334,1 43,11,-1 44,40,-1 46,6,-1 51,23,1 52,41,1 53,16,1 56,21,1 56,42,-1 64,39,-1 67,11,-1 68,40,1 69,11,-1 72,11,-1 72,23,1 72,36,-1 72,61,-1 73,17,-1 75,2,-1 76,11,-1 79,22,1 
1695498278:20,8,-1 29,182,1 40,30,1 40,1387,1 
484729639:1,42,-1 2,11,-1 5,1,1 7,11,-1 7,33,-1 8,11,-1 14,10,-1 19,54,-1 25,630,-1 25,881,-1 25,884,1 27,174,-1 29,335,-1 33,163,1 38,122,-1 40,114,-1 40,167,-1 40,308,1 40,369,-1 40,670,-1 40,695,-1 40,894,-1 40,1212,-1 40,1347,-1 51,41,-1 53,40,1 54,33,-1 57,12,-1 
746099496:0,18,-1 0,27,-1 2,64,1 6,60,1 7,57,1 8,58,1 9,3,1 11,3,1 11,60,-1 13,51,1 14,34,-1 15,146,1 15,265,1 16,55,1 16,350,1 16,370,1 17,48,1 19,2,-1 21,20,1 22,9,1 23,2,-1 24,9,1 25,162,1 25,271,1 25,377,1 25,477,1 25,609,1 25,666,-1 25,836,1 25,919,1 25,955,1 27,232,1 28,12,1 29,107,1 29,272,1 29,323,1 31,141,1 32,41,1 33,369,-1 37,5,-1 38,2,-1 38,41,-1 38,147,1 38,269,-1 38,346,-1 39,21,1 39,301,1 40,7,1 40,255,1 40,282,1 40,515,1 40,615,1 40,770,-1 40,824,1 40,1013,1 40,1085,-1 40,1397,1 40,1420,-1 41,0,1 42,35,-1 43,48,1 46,12,1 47,54,-1 48,26,1 48,42,1 50,5,-1 51,20,-1 51,53,1 52,66,1 55,58,1 58,3,1 62,28,-1 62,62,1 63,50,-1 64,0,1 65,40,1 66,51,1 68,64,1 
509107753:0,23,-1 3,43,1 4,40,-1 5,27,1 6,43,-1 9,0,1 10,0,1 13,2,-1 13,34,1 13,42,1 13,64,1 13,70,-1 14,26,1 15,0,-1 15,17,-1 15,87,-1 15,132,-1 15,165,-1 15,294,1 15,349,1 16,19,-1 16,56,1 23,28,-1 23,83,-1 25,241,-1 25,469,-1 25,500,-1 25,778,-1 25,823,-1 27,150,1 27,215,1 27,223,-1 28,3,-1 29,99,-1 29,247,1 29,367,1 30,11,-1 31,35,1 31,83,-1 31,119,-1 31,190,-1 32,36,-1 33,62,1 33,71,1 33,134,1 33,173,1 33,376,1 37,25,-1 38,297,-1 39,44,1 39,104,-1 39,118,-1 39,311,-1 40,122,-1 40,125,-1 40,229,1 40,300,-1 40,709,1 40,979,-1 40,1029,1 40,1139,1 40,1265,1 41,41,1 42,42,1 44,14,1 46,3,-1 47,11,-1 48,37,-1 52,15,1 52,60,1 54,42,1 56,27,1 58,0,1 60,40,1 61,43,1 63,15,1 64,15,1 64,28,1 65,41,1 67,42,1 67,67,1 69,41,1 70,42,1 71,42,1 71,67,1 72,41,-1 74,22,-1 75,40,1 76,41,1 77,42,1 78,43,1 79,38,1 
2615458603:0,3,-1 9,20,1 16,118,1 17,6,1 25,925,-1 27,238,-1 28,18,-1 33,128,1 35,6,1 39,61,1 40,837,-1 42,20,1 43,6,1 46,18,-1 54,6,1 58,20,1 62,59,1 65,64,1 70,6,1 
427349803:3,27,-1 3,60,1 4,10,1 4,25,1 4,44,-1 5,53,1 6,66,-1 7,63,-1 11,52,-1 12,10,1 13,29,-1 14,52,1 15,186,1 16,213,-1 16,328,-1 16,343,-1 17,55,1 20,52,-1 25,327,1 25,483,1 25,634,1 25,642,1 25,696,1 25,716,1 25,1005,1 26,30,-1 27,83,1 29,138,1 29,169,1 29,300,1 32,48,-1 33,154,1 33,362,1 38,115,-1 40,245,1 40,317,-1 40,331,-1 40,643,-1 40,776,1 40,1284,1 40,1296,-1 40,1312,1 40,1451,-1 40,1467,-1 40,1472,1 43,27,-1 45,31,-1 48,49,-1 52,23,-1 53,53,1 54,10,1 56,54,1 57,24,1 59,27,-1 59,39,1 60,47,1 61,27,-1 61,55,1 62,0,1 62,42,1 62,78,-1 68,26,-1 68,53,-1 69,26,-1 70,10,1 70,30,-1 71,27,-1 71,55,1 72,54,1 73,10,1 78,27,-1 79,27,-1 80,55,1 
389134638:1,52,1 2,30,-1 2,65,1 3,51,1 7,29,1 8,61,1 13,27,-1 13,36,1 13,52,1 15,6,-1 15,34,-1 15,236,-1 16,199,-1 16,372,1 25,50,-1 25,360,-1 25,700,1 25,712,-1 25,809,-1 27,125,-1 27,185,1 29,368,1 30,25,1 31,79,-1 33,246,-1 35,8,1 36,22,1 37,53,1 38,163,-1 38,240,1 38,299,-1 39,226,-1 40,432,-1 40,628,-1 40,886,1 40,967,-1 40,1140,1 40,1379,1 42,52,1 50,53,1 52,51,1 54,60,1 55,46,-1 55,59,1 57,8,1 59,15,1 61,44,1 64,30,-1 64,43,-1 66,52,1 67,52,1 68,31,1 70,52,1 71,39,1 72,40,-1 77,52,1 80,30,1 
1757071407:1,60,-1 16,237,1 23,34,1 23,73,-1 25,365,-1 25,494,-1 29,163,1 29,321,1 33,345,-1 39,82,-1 40,1017,1 40,1092,-1 55,39,-1 67,29,-1 71,0,-1 78,60,-1 
1950859823:3,20,1 8,50,-1 16,269,-1 33,98,1 40,923,-1 40,1204,-1 70,21,1 71,21,1 76,20,1 
1433775406:15,140,-1 25,191,1 25,392,1 25,493,1 29,201,1 33,222,1 33,235,1 33,358,-1 38,148,1 39,315,-1 40,257,-1 40,958,1 40,1489,1 51,14,-1 
1649185334:10,18,-1 15,70,1 15,98,1 15,121,-1 18,17,1 18,59,-1 25,506,1 25,622,-1 38,154,-1 39,50,-1 39,276,1 40,237,-1 40,527,-1 41,17,1 62,20,1 71,18,1 74,5,1 
1195727671:1,13,-1 5,33,1 13,13,-1 25,244,1 25,970,1 31,2,1 31,135,-1 32,21,-1 33,353,-1 38,94,1 39,42,-1 48,21,-1 56,33,1 57,33,1 
1317953595:0,49,-1 1,18,1 2,16,1 3,6,1 4,24,1 5,17,1 7,16,1 8,16,1 13,18,1 15,266,1 16,52,1 16,76,-1 16,338,1 18,6,1 18,47,1 20,6,1 20,15,1 22,24,1 25,686,1 25,922,1 25,926,-1 27,233,1 28,13,1 29,66,1 29,309,1 31,113,-1 32,45,1 33,20,-1 33,201,-1 33,367,-1 34,3,1 37,3,-1 38,344,-1 39,163,-1 40,243,1 40,273,-1 40,336,-1 40,486,-1 40,512,1 40,558,1 40,636,1 40,1206,-1 40,1398,1 40,1482,1 41,6,1 42,17,1 42,69,-1 46,13,1 48,46,1 49,3,1 50,3,-1 54,16,1 55,17,1 56,17,1 56,40,1 57,6,1 57,16,1 60,16,1 61,68,-1 64,1,1 65,17,1 66,18,1 67,6,1 69,6,1 69,17,1 71,6,1 75,15,1 76,17,1 77,6,1 80,17,1 
10730300:1,0,-1 1,66,1 2,0,-1 2,60,-1 2,71,1 4,52,-1 4,58,-1 6,45,-1 6,56,-1 8,70,1 12,2,-1 12,13,1 13,47,-1 13,58,1 14,22,-1 15,43,-1 15,171,-1 15,210,-1 15,250,1 15,261,-1 15,335,1 15,337,-1 16,366,-1 16,379,1 19,44,-1 19,61,-1 20,44,-1 20,55,1 23,45,-1 23,62,-1 25,69,-1 25,118,1 25,158,-1 25,262,1 25,267,-1 25,303,1 25,319,-1 25,323,-1 25,387,1 25,435,-1 25,450,1 25,465,1 25,542,1 25,544,-1 25,667,1 25,731,1 25,738,-1 25,770,-1 25,814,-1 25,915,-1 25,940,-1 25,944,1 25,1011,-1 26,24,1 27,49,1 27,179,-1 28,24,1 29,0,1 29,38,-1 29,74,-1 29,85,1 29,111,-1 29,130,1 29,132,-1 29,141,-1 29,184,-1 29,196,1 29,268,-1 29,275,-1 29,380,1 30,84,-1 31,31,-1 31,57,-1 31,143,-1 33,10,1 33,65,1 33,67,-1 33,184,1 33,238,-1 33,298,-1 34,10,-1 35,61,-1 37,6,1 38,100,1 38,140,1 38,142,-1 38,175,1 38,219,1 38,245,1 38,270,1 38,283,-1 38,347,1 39,167,-1 39,197,-1 39,251,1 39,323,-1 40,65,-1 40,105,-1 40,159,-1 40,251,-1 40,278,-1 40,339,-1 40,400,-1 40,415,-1 40,437,-1 40,451,-1 40,611,-1 40,617,-1 40,621,-1 40,653,1 40,682,-1 40,811,1 40,820,-1 40,853,1 40,898,-1 40,904,1 40,975,1 40,1005,-1 40,1009,-1 40,1068,1 40,1124,-1 40,1135,-1 40,1224,-1 40,1292,1 40,1355,1 40,1357,-1 40,1375,1 40,1402,1 42,0,-1 42,64,1 45,25,1 46,25,1 47,85,-1 49,10,-1 49,27,-1 49,37,1 50,6,1 51,68,-1 52,0,1 52,62,-1 56,57,1 57,44,-1 57,55,1 61,0,-1 64,78,1 65,56,1 66,0,-1 66,31,-1 66,47,-1 66,58,1 66,66,1 67,0,1 67,63,-1 70,57,1 71,45,-1 71,61,1 71,63,-1 72,46,-1 72,57,1 73,2,-1 73,13,1 76,69,1 77,0,1 77,61,1 77,63,-1 79,53,-1 79,64,1 80,63,-1 
1497932606:5,62,-1 22,26,1 29,59,-1 39,257,1 40,53,-1 40,970,1 40,1107,-1 47,60,1 71,23,1 
468695104:1,24,-1 3,19,1 4,14,-1 6,10,1 15,112,1 15,330,1 19,79,-1 25,30,1 25,239,1 25,376,1 25,496,-1 27,110,1 29,57,1 32,32,1 33,378,-1 34,67,-1 36,33,1 38,0,-1 39,23,1 39,55,-1 39,119,-1 39,244,-1 40,19,-1 40,712,-1 40,988,1 40,1167,1 41,23,-1 41,36,1 42,40,1 48,33,1 49,67,-1 53,32,-1 54,59,-1 62,75,-1 64,7,-1 65,39,1 68,24,1 68,38,-1 69,0,-1 75,12,1 76,36,1 
18436161:0,9,-1 1,56,1 3,22,1 6,0,-1 6,77,1 9,11,1 13,56,1 15,22,1 15,66,-1 15,303,-1 15,311,1 16,0,-1 16,67,-1 16,142,-1 16,191,-1 17,39,-1 18,13,-1 20,0,-1 20,61,1 25,16,-1 25,54,-1 25,93,1 25,99,-1 25,202,-1 25,233,-1 25,448,1 25,585,1 25,742,-1 25,819,-1 25,931,-1 25,985,-1 26,21,1 27,0,-1 27,74,-1 27,121,1 29,81,-1 29,83,1 29,95,-1 29,177,-1 29,189,-1 29,228,-1 29,396,1 30,15,-1 30,68,-1 31,86,-1 31,194,-1 33,27,1 33,209,-1 33,275,-1 33,277,1 35,55,1 36,1,-1 37,30,-1 38,65,-1 38,98,1 38,137,1 38,155,1 38,191,-1 39,51,1 39,70,1 39,173,-1 39,219,-1 40,25,-1 40,69,1 40,172,-1 40,222,-1 40,404,-1 40,528,1 40,602,-1 40,604,1 40,759,-1 40,795,-1 40,802,-1 40,851,1 40,927,-1 40,1158,-1 40,1228,-1 40,1250,-1 40,1252,1 40,1276,-1 40,1327,-1 40,1430,-1 40,1505,-1 41,13,-1 41,54,1 42,56,1 43,56,1 45,21,1 47,15,-1 47,69,-1 50,30,-1 52,55,1 53,0,-1 53,62,1 55,26,-1 57,0,-1 57,61,1 58,11,1 59,0,-1 59,64,1 59,71,1 61,3,-1 62,70,1 63,0,-1 63,78,1 66,56,1 69,48,-1 70,35,1 71,14,-1 77,25,1 77,36,-1 78,13,-1 78,33,-1 78,56,1 79,47,-1 80,5,1 
30388547:0,42,-1 4,69,1 15,94,-1 15,299,-1 16,97,1 16,262,-1 16,384,1 18,60,1 25,182,1 25,745,1 27,32,-1 33,100,1 38,199,1 39,190,1 39,213,-1 40,206,-1 40,319,-1 40,676,-1 40,764,-1 40,989,-1 40,1052,-1 40,1168,-1 44,67,1 55,68,1 63,68,1 64,67,1 65,22,1 68,34,1 71,35,1 75,54,1 76,22,1 80,35,1 
651647044:7,1,1 7,43,1 14,28,1 14,37,1 16,82,-1 16,183,1 16,255,1 17,28,1 18,33,-1 20,38,1 23,55,-1 25,527,-1 25,535,-1 25,557,-1 25,704,-1 25,841,-1 27,71,-1 27,129,-1 27,217,1 30,32,-1 33,59,-1 33,74,1 33,104,1 33,267,-1 35,29,1 38,22,1 38,150,1 38,298,1 38,317,1 39,1,-1 40,204,-1 40,464,1 40,547,-1 40,582,-1 40,1389,-1 40,1515,1 43,1,1 47,31,-1 54,4,1 55,44,1 59,19,-1 61,60,1 64,18,-1 72,17,-1 
609794633:3,30,1 5,43,1 5,61,-1 15,183,-1 16,23,1 25,84,-1 25,179,-1 25,351,-1 27,139,-1 29,288,1 33,351,1 33,359,-1 36,7,1 37,38,1 38,33,-1 38,133,1 40,757,-1 40,971,1 40,1475,-1 41,35,-1 44,48,-1 50,26,-1 50,38,1 62,41,1 
420846922:0,56,-1 1,11,1 1,25,-1 1,36,1 1,49,1 3,15,1 3,66,1 6,6,1 8,36,1 11,19,1 11,27,-1 13,11,1 14,14,1 15,104,1 15,136,1 15,243,-1 15,269,-1 16,34,1 16,123,-1 16,156,1 16,284,-1 16,301,1 16,324,1 19,12,1 21,8,-1 22,0,-1 23,12,1 24,0,-1 25,26,1 25,170,1 25,192,-1 25,194,1 25,375,1 25,637,-1 25,758,1 25,893,1 25,963,1 25,999,1 26,36,-1 27,117,1 29,53,1 29,205,1 29,379,1 30,88,-1 33,113,-1 33,170,1 33,302,1 35,20,1 38,51,-1 38,216,-1 38,239,1 39,56,-1 39,83,-1 39,205,-1 39,294,-1 40,128,-1 40,345,1 40,348,1 40,384,1 40,496,1 40,705,1 40,1286,-1 42,8,1 43,21,1 45,37,-1 47,56,-1 47,89,-1 51,36,1 51,44,1 54,38,1 56,67,-1 62,29,-1 65,11,1 65,37,1 75,11,1 78,21,1 78,39,1 78,49,1 
1521743434:2,44,1 25,962,-1 29,193,1 40,146,-1 40,359,1 
76703563:2,69,-1 2,79,1 3,37,1 4,0,1 4,56,-1 4,79,-1 5,54,-1 12,11,-1 12,20,-1 13,0,1 13,65,-1 14,53,-1 15,73,-1 16,57,-1 16,249,1 16,362,1 17,56,-1 19,57,1 23,58,1 25,44,1 25,277,-1 25,301,-1 25,315,1 25,422,-1 25,788,1 27,47,-1 27,241,-1 28,21,-1 29,35,1 29,89,-1 29,127,-1 29,145,-1 29,215,-1 29,301,-1 29,384,-1 30,10,1 30,81,1 31,29,-1 31,189,1 33,63,-1 33,79,-1 35,25,-1 37,19,-1 38,47,1 38,114,1 38,212,-1 38,293,1 38,360,-1 39,100,1 39,113,1 39,114,1 40,233,-1 40,313,1 40,572,-1 40,585,-1 40,777,-1 40,1066,-1 40,1128,1 40,1187,-1 40,1463,1 42,43,-1 46,21,-1 47,10,1 47,24,-1 47,32,1 47,62,-1 47,82,1 50,19,-1 52,19,1 53,54,-1 55,63,-1 56,55,-1 60,48,-1 63,5,-1 66,35,1 67,56,-1 68,18,1 70,26,1 70,43,-1 72,0,1 72,55,-1 72,64,-1 73,11,-1 73,20,-1 77,56,-1 80,56,-1 
390402378:3,41,1 4,51,1 5,36,-1 6,50,1 11,36,-1 15,27,-1 15,151,1 16,14,1 16,168,-1 16,320,1 17,37,1 19,24,-1 20,59,-1 25,126,-1 25,266,-1 25,313,1 25,336,1 25,391,-1 25,406,-1 25,470,-1 25,518,-1 25,572,-1 25,590,-1 25,612,1 25,671,-1 25,682,-1 25,981,-1 26,12,1 27,11,-1 27,213,1 27,224,-1 28,4,-1 29,28,-1 29,73,1 29,183,1 29,200,-1 29,213,-1 29,226,1 30,0,1 31,142,1 31,179,1 33,231,-1 33,273,1 35,13,1 38,225,-1 38,312,-1 39,322,1 40,64,1 40,104,1 40,158,1 40,258,1 40,277,1 40,323,1 40,338,1 40,407,1 40,597,1 40,616,1 40,662,1 40,718,-1 40,784,-1 40,790,1 40,815,-1 40,867,1 40,897,1 40,1238,1 40,1438,-1 40,1485,-1 40,1521,1 45,12,1 46,4,-1 47,0,1 52,4,-1 56,25,1 56,36,-1 57,59,-1 64,24,1 64,37,-1 67,4,-1 68,11,1 70,50,1 77,4,-1 78,31,1 
35048014:2,56,-1 7,51,-1 8,2,-1 8,52,-1 14,20,1 15,57,1 15,315,-1 15,325,1 16,41,-1 16,64,-1 16,316,1 16,334,1 17,33,1 19,25,-1 24,25,1 25,140,1 25,210,-1 25,255,-1 25,280,-1 25,296,-1 25,442,-1 25,454,-1 25,471,-1 25,519,-1 25,573,-1 25,616,-1 25,653,-1 25,672,-1 25,720,-1 25,782,-1 25,858,-1 25,948,-1 25,982,-1 27,57,-1 29,29,-1 29,117,1 29,251,-1 29,329,1 29,363,-1 29,374,1 29,400,-1 30,56,1 30,58,-1 30,65,1 31,25,1 31,55,1 33,166,-1 34,41,-1 35,37,-1 35,59,1 38,12,-1 38,179,-1 39,8,1 39,31,-1 39,264,1 39,266,-1 40,41,-1 40,118,-1 40,396,-1 40,489,-1 40,745,-1 40,782,1 40,827,-1 40,1043,-1 40,1048,-1 40,1122,1 40,1198,1 40,1234,1 40,1242,-1 40,1455,-1 41,44,-1 43,40,-1 44,24,1 44,38,-1 44,56,1 47,66,1 49,41,-1 51,6,-1 51,74,-1 52,33,1 55,50,-1 59,46,-1 60,43,-1 63,24,1 63,38,-1 67,33,1 70,48,1 70,61,-1 74,31,-1 75,31,1 
345287503:2,7,-1 2,76,1 2,78,-1 3,26,1 3,36,-1 7,7,-1 8,7,-1 12,23,1 13,69,1 15,26,1 15,65,-1 15,77,1 16,61,1 16,164,1 16,361,-1 19,50,-1 20,65,1 23,51,-1 25,97,1 25,104,1 25,144,-1 25,156,1 25,208,1 25,309,1 25,314,-1 25,411,1 25,589,1 25,591,-1 25,856,1 25,875,1 25,973,1 25,995,1 26,13,-1 26,40,-1 27,7,1 27,161,1 29,92,1 29,109,1 29,219,1 29,227,-1 29,243,1 29,333,-1 29,349,-1 29,361,1 30,14,-1 31,7,1 31,193,-1 32,13,-1 33,175,-1 33,274,-1 33,290,1 38,190,-1 38,203,1 38,292,-1 38,308,1 39,237,-1 39,280,-1 40,141,-1 40,186,1 40,532,-1 40,576,1 40,825,1 40,832,-1 40,917,-1 40,1146,-1 40,1249,-1 40,1275,-1 40,1308,-1 40,1326,-1 40,1491,-1 40,1522,-1 41,29,1 41,31,-1 44,79,1 45,13,-1 45,41,-1 47,14,-1 47,28,1 48,13,-1 51,2,1 51,66,1 52,59,1 55,7,-1 57,65,1 59,75,1 60,52,1 62,81,1 63,9,1 63,55,1 64,54,1 67,38,-1 69,47,-1 69,62,-1 70,25,-1 70,39,1 72,67,1 73,23,1 74,29,1 75,35,-1 77,45,-1 78,12,-1 78,32,-1 79,46,-1 
1013593167:6,49,1 10,12,-1 15,37,1 16,35,1 16,376,-1 18,55,-1 25,146,1 25,171,1 25,308,-1 25,349,1 25,526,1 25,563,-1 29,194,-1 29,262,-1 29,360,-1 31,75,-1 39,223,-1 40,145,1 40,157,1 40,356,1 40,650,1 40,651,-1 40,1118,1 40,1353,-1 51,40,1 55,11,1 55,35,-1 56,66,-1 57,53,-1 59,22,1 74,8,1 75,26,-1 79,62,-1 
2377918538:15,164,1 25,561,1 61,49,1 61,59,-1 64,22,1 79,42,-1 
2681036890:11,55,-1 19,7,-1 21,16,1 22,5,1 23,7,-1 24,5,1 27,17,1 29,70,1 33,139,1 68,46,1 68,56,-1 68,57,-1 
1020657500:15,123,1 16,6,1 16,356,1 16,360,1 20,13,1 25,36,-1 25,460,1 25,503,-1 31,73,-1 31,133,1 38,274,-1 40,214,1 40,267,-1 40,681,1 40,1145,1 42,13,1 54,15,1 60,53,-1 62,18,-1 63,10,-1 69,61,1 70,15,1 79,37,1 
1699584617:1,12,1 13,12,1 25,49,1 25,711,1 25,971,-1 33,352,1 39,41,1 57,34,-1 
632438379:0,21,-1 1,62,1 4,7,-1 6,75,1 7,71,-1 8,31,1 9,1,1 15,291,1 15,319,-1 16,127,-1 16,228,-1 17,44,1 18,3,1 25,0,-1 25,566,-1 29,222,-1 31,117,-1 33,270,-1 33,308,1 37,23,-1 38,1,-1 38,130,1 38,287,-1 38,364,-1 39,22,1 39,183,-1 40,77,1 40,242,1 40,290,-1 40,379,-1 40,724,-1 40,730,-1 40,1037,1 40,1166,1 40,1256,-1 40,1272,1 43,25,-1 43,39,1 43,60,-1 50,23,-1 53,24,-1 53,35,1 57,35,-1 58,1,1 59,25,-1 61,11,1 62,7,-1 68,62,1 69,30,-1 69,45,1 71,11,1 75,27,-1 76,35,1 77,11,1 77,29,-1 78,25,-1 
923670636:8,51,1 11,43,-1 11,56,1 16,63,1 16,180,1 18,46,1 27,36,1 27,41,1 29,261,1 33,94,-1 33,108,1 33,156,1 36,26,-1 38,74,-1 39,62,1 39,94,-1 40,274,-1 40,554,1 40,1042,1 40,1076,-1 40,1474,1 44,60,-1 44,71,1 52,7,1 52,69,-1 54,30,1 61,25,-1 61,37,1 62,47,1 68,7,1 68,44,-1 69,36,1 
778038381:3,33,-1 16,146,1 17,2,1 38,23,-1 38,257,1 39,0,1 39,217,1 40,113,-1 40,166,-1 40,506,-1 40,535,1 40,763,1 40,931,-1 40,1320,-1 53,11,-1 54,32,-1 57,40,1 61,33,-1 70,33,-1 71,34,-1 78,17,1 
350075246:2,6,-1 2,75,1 5,23,-1 7,6,-1 7,20,-1 8,6,-1 8,74,1 11,13,-1 11,22,-1 12,1,-1 12,24,1 13,46,-1 13,62,1 15,13,1 15,64,-1 15,78,1 15,116,1 15,154,-1 15,175,1 15,192,1 15,282,-1 16,62,1 16,103,1 16,160,1 16,310,1 16,313,1 19,87,1 20,43,-1 20,66,1 22,32,1 23,24,1 23,88,1 24,29,1 24,32,1 25,370,1 25,434,-1 25,769,-1 25,779,1 25,914,-1 25,1010,-1 26,28,1 27,165,1 27,178,-1 27,205,-1 28,39,-1 28,40,-1 29,13,-1 29,14,-1 29,93,1 29,283,-1 29,346,1 29,348,-1 31,147,-1 33,14,1 33,32,1 33,227,1 33,253,1 33,322,-1 34,9,-1 34,26,-1 34,48,1 34,63,1 36,37,-1 36,55,-1 37,10,1 38,16,1 38,170,1 38,291,-1 38,331,1 38,351,1 39,6,-1 39,143,-1 39,179,1 39,332,-1 40,37,-1 40,250,-1 40,393,1 40,426,1 40,500,1 40,502,-1 40,560,-1 40,610,-1 40,635,-1 40,857,1 40,871,1 40,915,-1 40,916,-1 40,980,1 40,1132,1 40,1248,-1 40,1307,-1 40,1325,-1 40,1339,1 40,1341,-1 40,1373,1 40,1502,-1 42,68,1 45,29,1 46,40,-1 46,41,-1 49,9,-1 49,26,-1 49,48,1 49,63,1 50,10,1 51,10,-1 52,11,-1 54,20,-1 55,6,-1 56,61,1 57,43,-1 57,66,1 59,13,-1 62,53,-1 63,11,-1 63,59,1 64,11,-1 64,58,1 66,44,1 66,46,-1 66,62,1 67,24,1 67,37,-1 69,46,-1 69,57,1 72,43,1 72,45,-1 73,1,-1 73,24,1 74,52,1 75,0,-1 76,56,1 78,11,-1 79,0,1 79,68,1 79,71,-1 
1455406700:16,51,-1 33,157,1 39,164,1 40,788,-1 40,1186,1 51,16,1 
2290068085:25,457,-1 33,248,1 40,1346,-1 
86299256:10,19,1 15,7,-1 16,4,-1 16,275,1 19,81,-1 19,83,1 25,237,1 25,259,-1 25,415,1 25,849,1 25,862,-1 25,906,-1 30,40,1 31,63,-1 36,3,1 37,34,1 38,124,-1 38,126,1 38,195,1 40,74,1 40,238,1 40,380,-1 40,433,-1 40,1108,-1 40,1172,1 40,1173,1 40,1331,1 40,1459,-1 40,1509,1 41,60,1 43,35,1 47,40,1 50,34,1 53,25,-1 57,36,-1 59,35,1 74,1,-1 74,63,1 76,26,-1 77,30,-1 78,37,1 
1588478073:0,2,-1 1,35,-1 4,62,-1 6,69,1 7,66,1 8,66,1 9,21,1 15,214,-1 18,28,1 21,29,-1 22,18,-1 24,18,-1 25,294,-1 25,600,1 25,874,1 25,972,1 26,0,1 27,22,-1 27,235,-1 28,15,-1 29,44,-1 29,295,-1 31,39,1 33,129,1 40,149,1 40,177,1 40,335,1 40,441,-1 40,642,-1 40,736,-1 40,751,-1 40,836,-1 40,921,-1 41,28,1 45,0,1 46,15,-1 51,27,1 58,21,1 63,22,-1 65,65,1 71,49,-1 71,59,1 80,22,-1 
1974242941:6,31,-1 8,0,1 8,75,-1 15,247,-1 16,117,-1 16,120,-1 16,270,-1 25,224,1 25,225,1 29,46,1 29,67,1 31,93,-1 38,9,-1 39,13,1 42,21,-1 55,0,1 61,66,-1 63,60,1 64,59,1 69,20,1 78,0,1 78,64,-1 
1300307328:1,50,1 5,34,-1 10,5,1 11,4,1 11,15,1 15,127,1 16,9,1 16,101,-1 16,308,-1 16,357,1 17,17,1 18,48,1 25,307,1 25,570,-1 25,665,-1 25,811,-1 29,239,-1 29,310,1 29,359,1 31,134,1 33,286,-1 35,15,1 39,177,-1 40,424,-1 40,1014,1 40,1261,-1 40,1419,-1 42,34,-1 43,17,1 51,82,1 52,48,1 55,33,1 56,34,-1 56,41,1 64,35,-1 65,49,1 67,17,1 67,49,1 68,15,1 70,16,1 70,51,1 74,17,-1 77,17,1 77,51,1 78,50,1 
417772163:0,61,1 2,5,-1 2,54,-1 4,28,1 5,22,-1 6,39,-1 7,5,-1 7,49,-1 15,63,-1 15,83,-1 15,120,1 15,231,-1 15,248,1 15,281,-1 16,137,1 16,271,1 17,0,-1 17,22,1 17,65,1 19,22,1 19,65,-1 20,42,-1 21,0,-1 22,30,1 23,22,1 23,66,-1 25,6,-1 25,123,1 25,220,-1 25,254,-1 25,579,1 25,657,-1 25,692,-1 25,706,-1 25,1009,-1 26,29,1 27,166,1 28,31,-1 29,5,-1 29,151,-1 29,164,-1 29,255,-1 30,35,1 31,99,1 31,154,1 31,162,1 33,15,1 33,33,1 33,39,1 33,124,1 33,159,1 33,304,-1 33,332,1 34,8,-1 34,29,-1 34,31,1 37,11,1 38,27,-1 38,174,1 38,184,1 38,304,1 38,352,1 39,138,1 40,36,-1 40,99,-1 40,249,-1 40,296,-1 40,370,-1 40,391,1 40,544,-1 40,559,-1 40,698,-1 40,858,1 40,1088,1 40,1239,-1 40,1306,-1 40,1338,1 44,7,1 44,20,-1 45,30,1 46,32,-1 47,36,1 49,8,-1 49,31,1 50,11,1 52,25,1 52,38,1 55,5,-1 56,5,-1 56,62,1 59,41,1 63,28,1 63,72,1 64,71,1 65,44,1 66,63,1 67,22,1 67,28,1 70,0,-1 70,41,1 70,64,1 74,60,1 75,63,1 79,5,-1 79,70,-1 
1046646149:1,2,1 2,53,-1 16,77,-1 16,259,1 20,4,1 25,581,-1 27,176,1 33,21,-1 33,321,-1 34,2,1 39,248,1 40,423,1 40,462,1 40,661,1 40,1207,-1 40,1219,-1 49,2,1 57,4,1 59,31,1 61,69,-1 66,2,1 69,4,1 71,2,1 80,2,1 80,40,-1 
471087751:2,38,1 3,44,-1 4,75,-1 6,11,1 7,28,-1 8,40,1 8,42,1 15,354,-1 16,92,1 16,108,-1 16,151,1 16,170,-1 18,10,1 18,21,-1 19,9,1 21,12,-1 22,1,-1 23,9,1 24,1,-1 25,177,1 25,217,1 25,553,1 25,646,1 25,1003,1 26,34,-1 27,132,1 27,146,-1 27,155,1 31,61,1 31,126,1 33,143,1 33,310,1 36,5,-1 37,15,-1 37,36,-1 38,197,-1 38,356,-1 40,96,1 40,457,1 40,630,1 41,10,1 44,10,1 45,35,-1 50,15,-1 50,36,-1 54,26,-1 54,66,1 55,2,1 59,54,1 59,69,-1 60,10,1 60,20,-1 60,58,-1 62,10,1 80,43,1 
1473439368:15,122,1 16,359,1 17,64,1 25,61,-1 25,505,-1 25,623,1 30,19,1 31,95,-1 31,97,1 31,198,1 38,108,-1 38,165,-1 39,274,-1 40,213,1 40,680,1 47,19,1 60,2,-1 62,19,-1 69,52,-1 
560124816:7,73,1 8,27,-1 15,258,-1 16,36,1 16,175,-1 18,39,1 25,2,1 25,41,1 25,172,1 25,198,1 25,362,1 25,409,-1 27,202,1 29,265,-1 31,22,-1 31,53,1 32,0,1 33,149,1 33,259,-1 33,288,-1 40,184,-1 40,412,-1 40,448,-1 40,686,1 40,704,1 40,1000,-1 40,1002,-1 40,1151,1 40,1303,1 40,1495,1 48,0,1 51,64,-1 56,0,1 56,63,-1 57,28,-1 59,53,-1 60,25,-1 60,35,1 66,40,1 68,2,-1 74,27,-1 74,36,1 74,40,1 75,25,-1 75,37,1 79,43,-1 
189114258:2,67,-1 13,24,1 15,38,1 16,88,-1 16,214,1 16,253,1 18,22,1 25,173,-1 25,427,-1 25,479,-1 27,64,-1 29,36,1 33,150,-1 33,179,1 35,33,-1 38,206,1 40,59,-1 40,583,-1 40,1064,-1 40,1381,-1 40,1390,-1 40,1468,-1 51,55,-1 54,0,1 54,62,-1 55,61,-1 56,1,-1 60,21,1 63,1,-1 67,54,-1 68,27,1 71,28,1 74,41,-1 75,22,1 75,46,-1 77,54,-1 79,28,1 
1498866579:1,61,1 15,290,1 16,18,-1 25,611,-1 29,327,-1 36,21,1 37,52,1 40,1164,-1 40,1165,1 40,1386,1 50,52,1 51,18,1 62,3,1 67,31,1 67,46,1 
1211404949:16,256,1 18,4,-1 19,16,-1 21,7,1 21,31,-1 22,20,-1 23,16,-1 24,20,-1 25,32,-1 25,189,-1 25,216,-1 25,431,-1 25,516,-1 25,927,1 29,64,-1 29,235,1 33,56,-1 33,106,1 33,112,1 38,313,1 39,91,-1 39,317,1 40,722,1 40,864,-1 40,1318,-1 78,2,-1 
1139191706:0,65,-1 1,1,1 11,5,-1 15,47,1 15,242,1 15,267,1 15,276,-1 19,76,1 25,74,-1 25,355,1 25,386,-1 25,595,-1 25,663,1 25,680,-1 25,749,-1 25,831,1 27,27,-1 27,94,-1 27,183,1 29,279,1 29,340,-1 38,60,-1 38,131,-1 39,161,1 39,250,-1 39,293,-1 40,270,-1 40,283,-1 40,483,1 40,552,1 40,879,1 40,1193,1 40,1483,-1 44,52,-1 57,18,-1 61,17,1 65,0,1 65,62,1 66,1,1 74,50,-1 76,54,-1 76,63,-1 78,5,-1 80,26,-1 
3499926427:2,22,1 2,24,-1 74,49,-1 
33314204:1,27,1 2,26,1 3,53,-1 4,36,-1 6,1,1 6,14,1 7,0,1 7,74,-1 11,9,-1 11,32,-1 15,201,-1 15,223,-1 15,254,-1 16,37,-1 16,131,1 16,218,1 19,39,1 20,23,-1 20,25,1 20,32,-1 20,34,1 23,40,1 25,63,-1 25,87,1 25,229,-1 25,339,1 25,356,1 25,400,1 25,485,-1 25,536,-1 25,735,-1 25,765,-1 25,935,1 26,17,1 27,3,-1 27,53,-1 27,113,-1 27,187,-1 28,35,-1 28,47,-1 29,9,-1 29,21,-1 29,370,-1 31,16,-1 31,169,1 32,4,1 33,0,1 33,4,-1 33,89,1 33,242,1 33,255,1 33,325,1 34,16,1 34,22,-1 38,18,1 38,242,-1 38,249,1 39,2,-1 39,186,-1 39,194,-1 39,201,-1 39,231,1 39,290,-1 40,44,1 40,78,1 40,83,1 40,375,-1 40,428,1 40,444,-1 40,473,-1 40,521,-1 40,592,1 40,625,1 40,741,-1 40,847,-1 40,911,-1 40,963,1 40,996,1 40,1194,1 40,1406,-1 41,63,-1 44,27,1 44,34,-1 45,17,1 46,36,-1 46,48,-1 48,4,1 49,16,1 49,22,-1 59,9,-1 59,49,1 63,34,-1 64,49,-1 65,26,1 65,33,-1 66,11,1 66,23,1 70,54,-1 72,6,1 72,18,-1 
33180061:0,0,1 0,30,-1 0,39,1 5,29,-1 5,55,-1 9,22,-1 14,30,1 14,54,-1 15,48,-1 16,66,1 16,388,-1 17,38,1 18,12,1 20,67,-1 25,15,1 25,78,-1 25,395,1 25,444,1 25,727,1 25,784,1 25,930,1 25,984,1 27,79,1 29,31,1 29,94,1 29,176,1 29,188,1 30,6,1 31,185,1 34,43,1 36,57,-1 38,55,-1 38,110,1 39,66,1 39,109,1 39,209,-1 39,259,1 39,286,1 39,304,1 40,3,1 40,73,-1 40,153,1 40,178,-1 40,586,-1 40,601,1 40,646,1 40,666,1 40,778,-1 40,794,1 40,801,1 40,816,-1 40,984,-1 40,1188,-1 40,1244,1 40,1280,1 40,1298,-1 40,1434,1 40,1504,1 41,12,1 42,4,1 42,44,-1 42,60,-1 43,44,-1 44,30,1 47,6,1 49,43,1 51,76,1 53,55,-1 54,69,-1 56,29,-1 57,29,-1 57,67,-1 58,22,-1 59,68,-1 65,66,-1 70,44,-1 71,13,1 73,25,-1 
1768035226:19,72,1 25,532,-1 25,889,-1 34,56,-1 36,47,1 49,56,-1 55,32,-1 69,40,-1 
2053195939:15,148,1 25,178,1 25,533,1 25,840,1 34,57,1 36,46,-1 40,581,1 49,57,1 79,11,1 
754440869:1,44,-1 1,70,1 5,40,-1 15,28,-1 15,298,-1 15,329,1 16,29,-1 16,202,-1 16,225,-1 16,289,1 18,44,-1 22,28,-1 25,719,-1 25,898,-1 26,7,1 26,10,1 27,12,-1 27,13,-1 27,37,-1 27,169,1 29,125,-1 29,159,1 29,250,-1 29,258,-1 31,131,-1 31,177,1 32,47,1 33,138,-1 33,155,-1 33,366,-1 38,72,1 38,78,1 38,105,-1 38,229,-1 39,29,-1 39,310,1 40,231,-1 40,275,1 40,388,1 40,568,-1 40,1033,-1 40,1315,-1 40,1473,-1 45,7,1 45,10,1 48,48,1 52,5,-1 54,14,-1 54,45,1 61,26,1 62,46,-1 69,25,1 70,14,-1 79,26,1 
1545296556:8,67,1 8,68,1 8,69,1 14,64,-1 16,74,1 25,73,-1 25,348,-1 25,551,-1 25,678,-1 25,818,-1 25,835,-1 29,42,-1 29,322,-1 32,40,-1 33,373,1 35,65,-1 40,639,-1 40,750,-1 40,863,-1 40,903,-1 43,66,-1 48,41,-1 51,28,1 51,29,1 62,21,-1 68,0,1 68,63,-1 71,60,1 80,0,1 
477379249:2,49,1 8,47,-1 11,39,-1 15,341,-1 25,10,-1 25,206,1 25,261,1 25,489,1 25,979,1 25,993,-1 26,44,1 31,46,1 31,106,-1 33,44,1 33,52,-1 33,317,1 34,60,1 36,41,-1 39,123,-1 40,136,1 40,217,-1 40,508,1 40,768,1 44,72,-1 45,45,1 49,60,1 75,61,-1 79,15,-1 79,17,1 80,3,-1 
861501364:0,51,-1 1,14,1 2,14,1 3,48,1 4,16,1 5,5,1 5,13,1 5,48,1 7,2,1 7,14,1 8,14,1 13,3,-1 13,14,1 13,63,1 14,4,1 14,47,1 15,179,1 16,148,-1 17,15,1 19,17,-1 21,6,1 23,17,-1 23,32,-1 25,13,1 25,243,-1 25,245,-1 25,511,-1 25,602,1 25,867,1 25,956,-1 27,160,1 29,305,1 29,358,1 31,85,-1 31,125,-1 32,38,-1 33,133,1 33,214,1 33,223,-1 33,260,-1 33,354,1 33,375,1 37,29,-1 38,95,-1 39,43,1 40,192,1 40,694,-1 40,772,1 40,1028,1 42,48,1 42,70,-1 43,15,1 48,39,-1 53,33,1 53,48,1 55,13,1 56,13,1 57,14,1 60,15,1 60,30,1 65,13,1 66,16,1 67,15,1 69,15,1 71,70,-1 72,15,1 76,15,1 76,34,1 77,16,1 79,13,1 80,13,1 
4280891316:66,22,-1 
1111306173:25,960,1 40,360,-1 40,539,-1 55,12,-1 56,12,-1 80,11,-1 
414975678:0,14,-1 4,33,-1 4,64,1 4,66,-1 5,49,1 6,54,1 6,62,1 7,59,1 9,6,1 9,8,-1 10,7,1 11,48,1 12,6,1 14,48,1 15,128,1 15,259,1 16,10,1 16,25,1 16,113,1 16,352,1 17,51,1 18,50,1 19,48,1 20,20,-1 20,48,1 23,49,1 25,91,1 25,108,-1 25,226,-1 25,625,-1 25,688,-1 25,792,-1 25,879,-1 25,977,-1 27,198,-1 27,219,1 28,1,1 28,33,-1 29,7,-1 29,121,1 29,172,-1 29,209,-1 29,220,-1 29,266,1 29,273,1 31,49,-1 31,90,1 33,2,-1 33,76,1 33,120,1 33,164,1 33,197,1 33,334,1 34,20,-1 35,50,1 35,52,-1 36,8,1 37,39,1 38,29,-1 38,37,-1 38,210,1 38,223,-1 38,265,-1 39,165,1 39,235,1 39,272,1 39,327,-1 40,10,1 40,61,-1 40,101,-1 40,413,1 40,449,1 40,466,1 40,468,-1 40,564,1 40,700,-1 40,738,-1 40,753,-1 40,934,1 40,946,-1 40,1003,1 40,1273,1 41,50,1 43,51,1 43,53,-1 44,3,1 44,62,1 44,64,-1 46,1,1 46,34,-1 47,29,-1 49,20,-1 50,39,1 53,49,1 54,50,1 56,50,1 57,48,1 58,6,1 58,8,-1 59,59,1 59,61,-1 61,51,1 62,65,1 62,67,-1 63,31,-1 63,63,1 63,65,-1 64,62,1 64,64,-1 65,50,1 65,52,-1 66,27,1 66,29,1 66,37,-1 68,3,1 68,49,1 69,21,-1 71,51,1 72,50,1 73,6,1 74,13,-1 75,51,-1 76,50,1 78,51,1 78,53,-1 79,7,-1 79,44,1 79,57,1 80,51,1 
539066816:2,32,1 3,7,-1 4,8,1 4,73,-1 6,71,-1 7,55,1 15,35,1 15,90,1 15,205,-1 15,240,1 15,320,1 15,353,-1 16,110,1 16,128,1 16,155,1 16,200,1 16,229,1 16,347,1 17,7,-1 18,0,-1 18,7,-1 19,68,-1 23,69,-1 25,186,-1 25,214,1 25,523,1 27,108,-1 27,144,-1 27,184,-1 29,60,1 29,78,1 29,136,1 29,232,1 30,50,-1 35,7,-1 36,15,1 37,46,1 38,164,1 38,288,1 39,35,1 39,74,1 40,21,-1 40,92,1 40,109,1 40,291,1 40,318,1 40,455,1 40,731,1 40,885,-1 40,1120,-1 40,1269,-1 40,1448,1 41,7,-1 42,29,-1 43,7,-1 43,61,1 44,54,-1 47,50,-1 50,46,1 52,31,-1 54,7,-1 54,24,-1 54,37,1 57,7,-1 57,21,-1 60,7,-1 61,7,-1 61,31,-1 62,8,1 63,42,1 64,10,1 64,44,1 67,7,-1 68,58,-1 69,7,-1 70,7,-1 70,31,-1 71,7,-1 76,7,-1 77,7,-1 77,40,1 80,29,-1 
2338631873:4,1,-1 8,26,1 25,31,-1 27,25,-1 33,140,-1 39,37,-1 41,27,1 54,48,-1 78,62,1 80,24,-1 
230936258:2,83,-1 8,43,1 14,6,1 14,19,-1 15,157,1 17,32,-1 18,40,1 19,0,-1 21,22,1 22,11,1 23,0,-1 24,11,1 25,284,1 25,300,1 25,456,1 25,950,1 25,989,1 26,46,-1 27,60,1 27,191,-1 29,328,-1 31,127,1 33,22,-1 33,347,1 34,0,1 38,260,-1 39,263,-1 39,270,1 40,49,-1 40,137,-1 40,458,1 40,577,1 40,657,1 40,672,1 40,691,-1 40,831,1 40,1047,1 40,1094,1 40,1233,-1 40,1367,-1 40,1369,-1 44,44,1 45,47,-1 49,0,1 52,45,-1 53,6,1 53,20,-1 55,40,1 55,54,1 62,37,1 63,41,1 64,3,1 68,22,-1 74,35,1 75,30,-1 80,44,1 
727706309:0,8,-1 4,23,-1 9,15,1 13,41,-1 14,36,1 15,145,-1 15,220,-1 16,174,1 19,34,1 23,35,1 25,147,1 25,364,-1 25,531,-1 25,845,-1 29,106,-1 29,264,1 31,41,1 31,77,1 33,193,-1 33,204,1 33,269,-1 33,287,1 34,55,-1 36,48,1 38,42,1 38,149,1 39,224,1 40,183,1 40,411,1 40,463,1 40,551,-1 40,878,-1 40,953,1 40,1001,1 40,1181,1 40,1361,1 40,1423,1 40,1447,-1 40,1481,-1 40,1497,-1 40,1514,1 43,0,1 49,55,-1 51,52,-1 58,15,1 59,21,-1 63,21,-1 68,1,1 74,26,1 75,39,-1 
941961936:0,55,-1 14,58,-1 15,82,-1 15,279,1 23,74,1 25,347,-1 25,366,1 25,385,-1 25,394,1 25,601,1 25,726,1 25,753,1 25,801,1 25,866,1 25,929,1 27,99,-1 30,5,1 31,184,1 32,39,-1 33,132,1 33,374,1 38,7,-1 38,59,-1 38,338,-1 39,16,1 40,34,1 40,152,1 40,182,-1 40,199,1 40,800,1 40,959,1 40,1192,-1 40,1503,1 42,24,1 47,5,1 48,40,-1 49,36,-1 51,34,-1 61,12,1 65,12,1 66,65,-1 71,12,1 79,12,1 
382805457:1,31,1 3,57,-1 8,56,1 10,23,-1 11,0,1 11,61,-1 13,30,1 14,0,-1 14,60,1 15,79,-1 16,186,1 16,296,1 17,67,-1 18,64,1 19,55,1 20,29,-1 21,26,1 22,15,1 23,75,1 24,15,1 25,110,1 25,132,1 25,249,1 25,290,1 25,426,-1 25,475,1 25,605,1 25,676,1 25,754,1 25,796,-1 25,802,1 25,827,1 25,951,1 27,29,-1 27,68,1 27,230,1 28,10,1 29,293,1 29,336,1 29,387,-1 30,37,-1 30,54,-1 30,63,-1 30,79,1 31,0,-1 31,136,1 32,22,1 33,145,1 35,41,1 35,46,1 38,3,-1 38,45,1 38,61,-1 38,118,1 38,320,1 38,334,-1 39,17,1 39,86,-1 39,105,1 40,132,-1 40,195,1 40,200,1 40,220,1 40,226,1 40,262,-1 40,311,1 40,327,-1 40,352,1 40,540,1 40,714,1 40,748,1 40,807,1 40,859,1 40,960,1 40,993,1 40,1060,1 40,1114,1 40,1156,1 40,1394,1 40,1428,1 40,1461,1 41,48,1 41,58,-1 41,67,-1 42,25,1 42,36,-1 46,10,1 47,37,-1 47,80,1 48,22,1 51,21,-1 51,30,-1 53,66,-1 55,55,1 55,67,-1 56,46,1 59,6,-1 70,67,-1 74,0,1 75,65,-1 77,67,-1 78,7,-1 80,9,-1 80,48,1 80,60,-1 
2728504016:19,8,-1 21,15,1 22,4,1 23,8,-1 24,4,1 60,62,1 
523136216:2,4,-1 6,24,1 6,37,-1 7,3,-1 8,33,-1 14,59,-1 15,169,1 16,233,1 17,26,1 23,87,1 25,14,-1 25,604,-1 25,650,-1 25,800,1 27,78,-1 27,159,-1 27,195,1 29,116,1 29,354,-1 30,12,1 31,123,1 31,191,1 32,26,-1 33,224,1 33,261,1 33,384,1 34,28,-1 39,258,-1 39,285,-1 39,303,-1 40,88,-1 40,163,-1 40,194,-1 40,266,1 40,305,1 40,806,-1 40,1020,-1 40,1113,-1 40,1155,-1 40,1412,-1 42,3,-1 47,12,1 48,27,-1 51,60,-1 53,3,-1 54,67,-1 59,58,-1 60,14,-1 62,14,-1 69,67,1 76,0,-1 76,32,-1 76,65,1 77,12,-1 
745251033:2,33,-1 5,6,-1 6,23,1 14,18,1 15,56,1 16,93,-1 18,20,1 24,24,1 25,379,-1 25,540,1 25,891,-1 27,61,-1 29,320,1 30,49,1 33,314,-1 33,341,1 38,88,-1 40,477,1 40,517,-1 40,1025,-1 40,1103,1 40,1399,1 47,49,1 60,19,1 62,27,1 63,23,1 64,45,-1 
455513562:0,4,1 4,19,1 6,18,-1 6,33,1 9,16,-1 15,141,1 15,161,1 15,344,1 16,87,1 16,207,1 17,60,-1 19,35,-1 23,36,-1 25,62,1 25,478,1 25,484,1 25,774,1 27,43,1 27,63,1 29,148,1 31,42,-1 33,93,-1 33,183,-1 33,205,-1 33,282,-1 35,32,1 40,48,-1 40,472,1 40,596,-1 40,846,1 40,954,-1 40,1063,1 40,1182,-1 40,1443,1 43,31,-1 51,54,1 58,16,-1 60,31,1 61,39,1 62,33,1 63,17,1 63,76,-1 64,75,-1 72,10,-1 77,34,1 79,32,-1 
1742747098:5,63,-1 8,22,-1 16,122,-1 25,865,-1 27,26,1 27,93,1 27,143,1 38,8,1 39,15,-1 40,1041,1 42,12,1 42,23,-1 53,23,-1 80,25,1 
1668474844:4,48,-1 11,41,1 12,25,-1 15,54,1 15,273,1 17,18,1 18,18,1 20,39,1 27,91,1 27,154,-1 35,4,-1 35,17,1 39,48,-1 41,18,1 43,18,1 52,9,-1 52,17,-1 54,19,1 60,18,1 61,18,1 64,17,-1 67,18,1 68,9,-1 69,19,1 70,18,1 71,19,1 76,19,1 77,18,1 78,19,1 
2027726298:29,314,1 33,217,1 40,484,-1 40,838,-1 70,4,1 76,62,1 
707055582:3,21,-1 5,41,1 6,76,-1 15,61,1 15,209,-1 15,310,-1 16,290,-1 16,294,1 17,43,1 19,19,-1 20,3,1 20,9,-1 20,60,-1 21,2,1 23,19,-1 25,38,1 25,911,-1 27,120,-1 29,181,1 30,44,-1 33,99,-1 33,213,1 34,38,-1 38,81,-1 38,97,-1 38,166,1 40,29,1 40,176,1 40,406,1 40,590,-1 40,799,1 40,938,1 40,1112,1 40,1162,1 47,44,-1 57,3,1 57,60,-1 69,53,1 70,22,-1 76,21,-1 
2305868512:16,169,-1 
1714574827:2,37,1 20,7,1 33,218,1 37,2,-1 38,343,-1 39,321,-1 40,485,-1 40,1317,1 44,9,1 50,2,-1 
1071517676:1,21,1 2,18,-1 3,4,1 7,18,-1 8,1,1 8,18,-1 15,235,1 16,201,1 16,331,-1 19,67,1 23,68,1 25,165,-1 25,295,1 25,507,1 25,710,1 25,897,1 27,138,1 27,203,-1 27,239,1 28,19,1 29,168,1 29,296,1 30,22,1 30,34,-1 31,3,-1 31,201,1 32,17,1 33,38,-1 33,158,-1 35,24,1 38,11,1 39,12,-1 39,230,-1 39,241,1 40,31,-1 40,232,1 40,525,1 40,546,1 40,571,1 40,728,-1 40,840,-1 40,842,1 40,945,-1 41,20,1 46,19,1 47,22,1 48,17,1 52,24,-1 55,19,-1 61,21,1 70,3,1 70,63,-1 76,47,1 76,60,1 
944053231:11,26,-1 15,191,1 16,46,1 16,227,-1 16,240,1 16,242,-1 25,125,1 25,137,-1 25,461,-1 25,681,1 29,25,-1 29,27,1 29,158,1 29,203,-1 29,287,-1 29,341,1 29,343,-1 29,345,1 30,4,-1 31,72,1 31,183,-1 33,126,1 34,47,1 36,56,-1 38,26,-1 38,35,1 38,76,1 39,130,1 39,153,1 39,278,1 39,308,1 40,284,1 40,286,-1 40,479,-1 40,1216,1 40,1410,1 40,1437,1 40,1484,1 47,4,-1 49,47,1 62,16,1 62,57,-1 65,48,1 65,60,-1 67,61,1 74,51,1 76,55,1 
1481254640:8,49,-1 10,2,1 13,5,1 15,53,1 16,266,-1 25,331,1 27,89,1 29,390,1 30,77,-1 33,16,-1 34,4,1 42,33,1 44,17,-1 47,78,-1 49,4,1 72,3,1 74,19,-1 
1015067898:0,64,-1 5,20,1 13,4,-1 15,52,-1 23,82,-1 25,131,1 29,389,-1 30,78,1 38,109,1 39,90,-1 40,1027,1 40,1302,-1 44,18,1 47,79,1 
2563145724:39,40,-1 54,49,-1 
1653839358:11,42,1 15,72,-1 25,48,1 27,42,-1 29,72,1 36,20,-1 37,51,-1 39,28,-1 40,1442,-1 50,51,-1 64,23,1 68,8,-1 
